$ANSIBLE_VAULT;1.1;AES256
35633130373566393063613761626663363666356364636363333165376235316264323861313866
6165616230373537613739316433303635303161383036380a343061666334313136303837386139
30383039353535653065393035356434363061323562636461343864336638653630616265383534
3633623139363662330a363935353839353339646230653066663763643536306232663666663366
37386631663061616633343637393134313536366161636139653133386139623361393539303331
63376632306166623734613330643938646638633861346436303665616165313663653530303866
30356136653861366666386431353139323036633739663862613638353033393962616166613039
36376332653330376234633864343062653936626361373235616632316666333939393066363235
38343863363161643537303337633137623665653962376536346336306333616433363733383061
37316338383834303062393864326237666138666533323235306261323538663737393934343537
31336637636538363261363636623336326232383564653636383265613734303866336436396165
31363732323937636131306665656538616362343434646134396338313036646364393634333166
65633166613537396232366233333031386535376166313363646636343162366132626262376530
32353061316139303331383764396435323631363666393931333130306333666638373964623939
32393736346265646163303164646531633435633934303366396137393466346237373636303265
38346166373530383539303434636162333961653536613830306636383361376332316665313661
32393738613830343661363365633339336461383035386664303965656633643735313936323835
65346364613966376266623531633238303562656237633134306339383138313963663966613131
64613061343039393861326435626536633836306639626337343437366331336632373063613336
36376232663666363866663231396562366331363036623562343935653734663962646139656564
63663737393866353864306433346335623234376133633938343238326164646636326536313935
62623038323137353437353261373939326265383163363636383965396331353539643466386239
37303836306265326466636439373265643434333031396531333932363130643865363965303865
34333662323361616566663633393466666239356334636161366533636433353138316232313230
66623661643032656439336330393735616332633839356564343836303432303364346530373338
3835366539393466396365666665376566303035376664356434
