$ANSIBLE_VAULT;1.2;AES256;p
32353839616464306462326230326237666666643634373466306532373764383565623166626639
3166323861613038343361633233613161373064626534360a356537633332383666653639656463
35663931633931653936353363303666373466396166346537663031323035396432623538373835
3935376564623130310a616230666132303066376663663761366231363033303935383166326362
36363663333161313063666337643630613463343464393261643035326230616538393933353331
35373863386463313332316234653864616633353636343565366438653466663638303338633834
62313366666436656439353939653063306263633565643535643233666365633266646236396264
31323264333034363835346463646639663761363832333730323035666363373834656364303763
64646662653536646432326139386162336632663730356137373131616563373436303638343366
34366262396439343461366233366530363065373063623466326637383735666132306636366530
65646335396636643131386236666234356131616136333638333133333461666636623661633334
64636234346433383261616533653462333836626333333261316463646438616238333462313332
31336665396239356437626466626232666337613935323935333233303564323337636238636165
32386561343734356638393534313865343539373564313039306262396336333064633738323839
37363566393136386462313736323564363838653065663239393164323663343739323462313034
62633638613566613339346266393664353562633836313866633233653565613337643166613166
31613163613034613239303566396633626266366232366561333065366165386133663762376239
37353238333233373333383539313530636334663836393838333335626533633134636631303966
39376464616236326363343835306439613465323564643637643166656437383332656331396565
33643234333834376530303233336638353162613366373531343239656538383530343663626237
36316631343339653437643033616362616662353735363733646434663436613237366464373031
61353731373566653233346163633032313832623036653834313430323032653035646632633138
62316566323362646137306264323338393731393230393664383166353933636339373065373235
62346464306536346633363035636362663335616431356335343361396465373063366430303437
63333161643536623636623735326561616535386363306262633137623139373362316430653830
61623838313638316230383362663563373737376466313037323462376234323031326333333566
38396366363062353861383866663966336261626230323334636434656533333337383565646462
64616161383962643963
