$ANSIBLE_VAULT;1.1;AES256
62616536346365323333323339623462383836373134623433373734626239333536613335613766
3536666236303863663031633130306134396366366137310a303262616363363132336331363439
37663963663461353364323566373263616631616534383962363361636436323036323964386166
6130333432633837320a646434393261646564386332323634336534653237663134653864643963
30313537376335616561373539363335363035386335653131386136366337663666306161353935
64383964386532393561623866343334303361663731616637616133393138383838653261643533
39376433623231613439353734363763383337633864396436623633336635333863303333336531
34323131643263313833383163353036616638656232336264373832663337613664393738383836
38653932316137376538343262303135383137626364333639643463623462336661313737333539
39323634383536363534343033643937353662323735323631303131333166333831386361643762
63363066643464373036383965633937303137366630623435613936373030663534353231326462
32656137323332653536373230643463633663353863393265343161653537306563616539353162
66386465303965323266336330323061373339323461663131663265373338376164663962326164
34666132373966333862373731333132363731313064646439353237663232633364366336386362
61653564623830613664346261333630666362383531666334376135663561663036373066653531
63313439613766356666306363343033613933613832393238313263646532323663633835663264
39613530663735316238383034363837653830636430663163303231653262646466323034323037
36643133653661656338636634623864386339616664333231333763633034306338393265636437
38653539356334633363306237333034633564633535376163343634303135366537646136323063
61633339373531303963313764353737306164363132636138656665356131663165373436643464
36653030623336616639303338343762316233613934333962316364366437336265653838343136
33336539383738386336323164303631353765376262656233373062373664326465346238346330
30383735383735613833313539323435643530623239316531363361633735373235666632386562
61343432376232383835656263663263363432343839666461356263373438646364353666363635
37313561633032666530353361663032316466356234353262396134343634313238356632306634
6563303137653937626336643365623731333231303931653765
