$ANSIBLE_VAULT;1.2;AES256;p
30633565636463623039366537353430313335646263633239323231336161616438643563663336
3533366430356436393130623430343735383665636137310a333936376261616163336432623265
61303535363161393538323339656134613430363832646336616137636331613532346631393638
3737383862646262360a383735386563356333326135393531616132633066643034396136316230
32323333333562623365343634316638383961643866343536643337633732303538313132353634
31393539643061306632346331386139336362613630626263346165376530346665396236663166
37653233613334396330386265386333393561346232363133346331356336623835663763616432
37313436303937316433303137633466363934663531623138373335376431316462386234393432
35396233613639313832663637313463376664373664633966613935633035316634323033386532
61653632643636653138353063396133356662363437326231353837303731376636353964343838
38376134323535626562326563393335383633663365643762353830396661653930323932623034
35393839363832386432666230373665306531356137366361343238613663326461653661623830
37653031313534613037616664353631383135653462376631343638386237653439303062316364
66613963653338396164313930376134336630663038333934316566646362356234356439333561
62323861643364393161346439646466383031666663363735333233333334393035646163653536
63396439333038666238356635653464313134303534623435326531373564373936666137393637
63323964343737366130383335363839646139336264636561356635666135623961396538383564
34356663323334353135313630303332613433633630323832376236336530363362656163613462
36323766633963363133386132383065303036383165376434306139656537346263316431363636
35353133343762396262323763383437376538623564343261316365393038636136373663373361
62663638643435356635383061363962363431626630613638643133613938383438623638373566
32333930643435636464363335326363663561616437623633323033383734646364323665343566
64356338333635363931363866393832653539376262313633356634306661313864666133633739
33326162613161633166366638323234386365623464323261353731393035363236333465306163
63633362303063373831646132393831636130393734663635616165376538313861363737303439
3532623064613338333037383635653536656266623739326436
