$ANSIBLE_VAULT;1.2;AES256;p
30653463643231366465393861636662323736623062633439363164333466613533333831633963
3065363633306230653931663562626530396136306435660a383361373761306631333338623162
62386136343962643761613064363735636434393061643366663663663136613563393232316530
6533636666376134630a663336633138313166303632336335386638623233636664346464323238
64623962626166623336626632386164363666623766613565353037383335386431373961376633
37326436346437336365336537363839323361646331633365666431323364633061616466633635
30653238626533303262636463353564646636313261616231663263313562626239636639636430
31346332666636636430353766323733393962303439616333383739386239363330643062393836
61366536313433393563303838346466353537313035643838303161393237666138336363653532
31626361663237323366316665326538316235383562333965663839383935656131373334363666
63633631663537343536663165366533303536313437653935656635623231393135643065396461
64653231396166656438643439333865326631343235646637633733353432333638346638373530
66386435646461326531306265356135376433393135393230316361363239633563363363653630
61396566393937313532353935343462323466646565646464653837366264336139306265383037
65333334643838306532646430643862653739656164646434393636636634353439303739356564
32653865643864386333373431623733633264643062366563646162653265636238633566343564
64666363656130633133353237326533633836343365626533373565383061613331623738363137
37303565666133633165653832653530306231336531346439313661356334316364633931633263
32613661303731643965303636393664363033356166383930336434616138363634383430396265
62363737636538626436386234636332636332326163333663346436373838323862633965646238
62656163393039633632353931363735336633653431616336636663346265356565653461343561
65633033383037636463303161626266633239666634666465346161306637303062623762313636
34616363366236653066373064383832393661386338376632623563643935663464356533356465
61376637323762643730386339313437373731313563313838313537313565626131626662373564
37336262323136626535653433663665643735303036616161633735663237376536313630646665
3765346363396331643132656239346161363962323963626438
