$ANSIBLE_VAULT;1.1;AES256
33333265366564373661653330626461643832656530353734356563353138366166353839633865
3933666363366230646231363138616638653261356432640a336532353663633934306634363939
61323933643239633865306137393765343261643462353733636565316362333865626365363662
3166333430306664380a306464353361626363393163303766373837363761303133393835633465
63376534616438666435343831306130313939383731613065326632653539353035303334386262
30613235326261393237616434663439323465663837393361306263616138356234303235343037
62326237326233613335346537623231323139636234646334346237303432633131343838636464
33323864656166316432303232333039386433386562643863303531383834366666363364663138
30333062333531326261363133663139333732313735653035646538633565326331653339313532
38613539643362353930663933383837363035336333336239383438346634633635653734633830
33393964303534333166646263343633646565376639376661643136326131393433336532323364
39633263353437386330333636343832323861373466316236313162623938663731323430316430
61363965323362643265346130333036376538353161326131343136323932616634326666646363
37376532613530343036383932323666343563643736643731376666633934346634346263343665
31643931626434373236656131646138616531323039353561356666316234366635643738303833
32643132653432373731386536616262313537363064323231343534386364366337376537613861
30313931363538323464333633656366643837346238663465346630316263643065353462343661
32396166656239623130656333623263343739376436326363633863313133646337656632396564
39623461323265653834333531366462353432666332303866356436626461346434633638333761
65303634656539393337613736336339306461646138626331393137323263623966343363376565
33353432656232303639613466656462343838653533363737633362663231346366363939653334
39386436333639366430306435646530656365633135313663336162636365383364383036346464
63323161613939336261343363626630396139386562633532393630666538386436653162633636
30666635303062653432343663393239646439636564373562393862383730386536623963393064
32666262346563386266633764646539393536313539373464333434373336346538393636353865
63613633663462643166393864333239343131343238663733303666383666626339643035646336
30313630343735383561333166656435613864303633326138653139366435383431613932383830
64323039366532393138306465306437656437666161373430626636306237323731313865306536
33646432343038663437323861326531366337386365313866313335303365633565333464343165
62646231393131373539333566303132343961626338363962323336303935386664633339393237
65333961626562393536383337393966613765313566383436636664363065373637366533653563
65323938653633666264366163333138323664663031366339656164323561323439313036333965
35333639656232396562613434343036386163656238653731616135383034356439386232383633
38663263393063613130393933663233386238326634386463313537363634623966663737623666
30316437396630656465396666383062366365303766383734326132656536393161636631396531
36656366326364343434323434326238646461313361393233356662316465303539666265386530
65326163626430353339633866333334313365353336623365383232646665346130386134323764
66343565663365633636666133633135613530656638366363326133623738366134633532363363
66396635653762303666326564393466386638663935663161626139303134343266643339626638
64383339323065393864663662306563623837666232396136643362663530376232663261646334
64623066653830316162336262333662656461326465366165366163386236656566316533393431
38396361666565633239393134326631353366386236323530363138303339393263616437643562
63623933333234366137343861303566386662333432666330356161373261386364623965643736
63313165623039636265333638383562616566373130313331396562383162653532336530316636
61326532663564363033353631363736356135353730623837333462626666323962316161383063
36353162633163616432306162376432373833373430383335643432633032656333616238393339
65643437353834396163643136306664316135306536313832353539663332623966383337366566
38336666386235356437633133646331653137623133336363363434393838373163366362386637
37363735623236396439343861366161366362353037393161313135663737353966373734326639
64653437353436303566363532653736306437393736643064346135343435386664313963613766
30333134303039336163393466666231323333316336613632323536343861306339373330323965
39356539656632356634366139303631313133613738613130663931383137363661633136613464
33643165343832383839636661313864386437333566663336383933666631316531646433636561
37386139313336613639366639636564323132356239363336643966663962303861383136633766
31636337383639666530373933623662376234353862633361343866653639323035333436353337
32393535383266353733343539366330613866323035613732613061343137366439316262613839
66656265623137366531346435613264306434343335316461653433383931383937666562353737
33346364313864373636326362643264663765343538616262313266383139313133613466393237
65653361303466386339343835633437326166376261373261373131343736313136666435636234
61333330613861313338333733623364313563376366656533663236333164326365623736643337
30373163373833356537633839353731643031383262396139366166393336616462336466646239
64626637303631376135646630633030633536613530363838653261326230653337653562653462
31396330396135333064366439356463373531393261343235383136313866326463343464646365
62373361343336326562313032653966376232386130373961613361623964303132343433366339
39663462353561633938646264656665616464643262643831633039313839336130306163616132
66353734333437386639646431356630326638303430633931313833343637396636333337633163
30343035356563363131613233356332623139393731373735643833323263343031653261356663
32393565313333623961653531613762306337636435386635353730356438306230326663333130
30323939656338393835633139303139653433376437663033386639366662663539363066613363
64393936643362663535383062626533613337393838326337633530643038343438623864336362
33326632636536373331646563646138383063326638646634613661316466663237313762656536
65356539353565396536353431353337373334633133303439383164613033306165613162323636
36623135373964666364353533333163333233633831313763333835336665353131373932353366
63613538326662366664613134626235623731346365366439623639643266383735336364383666
66663865663034613333646532663137616534646536663534383335383363396563646431663961
38646262333164643833623062353632393437323330653737313632373836356539626433643239
34396265343564633838316139306339636562323562393332643364333365336637386137323163
32383465353635346633363739356165376665383839636163353939623432356337633265623164
62386331643334626431376166313063663166633434643839633665366363653165336530383038
37353137363937333166346661636363373065613964633164626264383430363930626133653635
63356238356134393663383336386631333532343731346632346363373935343539613262636432
35623834383638343935393832306263313566316161393862363266666566653230613966336436
36636135626535636438303562356132613636316135303839613631656235333335633464306130
62393231663338633236653766636530626335393265653539316231633766366461383531653061
31666636373864666464376362316465623434313432333131666235353764333337313933386133
35633365333333366665336536636633383036323532363337316632633030303935363836333839
38303831303232313833313835366532393038303862346162373936663666643330623934666232
61646232316136316336396662373335616538353731343165636539623661396135303666666336
62663832623561333638623434386632623966623636623063626136663965623166313933613032
32633563306563353039613035646364313062666265666232366232346463663436346233333932
32653637333132363262643564653733393330333239393666373232636462336130323265663631
36353135663564313362306338316139373162343036386163363637653036636335653766353233
3562
