$ANSIBLE_VAULT;1.1;AES256
65616565363836376536343935613233383661303361393538383564363965663861336261323163
3435333036346161653733636636626436303830366239360a396265663361663930316434316361
62366232663865663339393862383931613064326664306232343531323033393530306663653430
3839366430396261330a663363313336626661323962376232633532396133623532326137343337
66636463653466633863653237353966636438373034326436383763616535366231336235323864
33303062623633393632353261623538356630326339323834656265303134393836313139613031
35316464653836646464373636313338393562303036633132333863653963333064623536373636
31646466323930623066666262343665613033383836633865656638333733626361356234353432
61363138303664626638376533376438353036353966346639623934363139636364333137306339
35323337306364373230666163393163353361323034386364616463616637646432616637386166
39336538396139653037383430636163646361643739376263336638643066623766343762303935
65313030643839386461633339323337623139303138353134303561306233613334336432346534
36613638343863393362393231613730316532646438613734326466333932363064396238356566
34376161313936663262616132663534353765383735393731643335353764353031646539656537
32663535353863393633326161646332333862386235393430616164373339393638626536303432
32376538633065383863396362643637383465363230396261393364396364333230346332386265
35616465346235343437323961626234613461366139386134386362323364333065396639386237
39373663643163636463376238333534623332616639656134393835396430333061666535333132
63313963326564353532396239626132393963646639383233376562616462346462363135666664
39326461366438386439316136303063366233343564333833663665663136623035346132616362
64353062653637623632313461643466396132393337343333373464306537623837636630303930
37363632376430616263353366316435363331343366656634353136633861383065306531306663
37383338363833306163623930646430643934316433643562313236346436663163363865356363
62323133633762653264663232393364336133643438393638333164313536336438313664383962
37373439653231646434313964643031363463336534376132323766333334633237613234623964
3363353831623832363438386630353331363161356333653639
