$ANSIBLE_VAULT;1.2;AES256;p
34386534346335353462613363623666366532363837643663386336383034616361626234346530
6262386432343034316436316630646561636237613932360a643165643736323135636239633134
39383164643230353163333739323437396566313635636262653064333330383565313633613634
3735303337396165660a636466383365633232346362343262306538663164383239323133363730
64343631346161303265383638666136336134376362313435643964336632666431376136623831
38643965393566393464656136623661353466393262666563396538343861326231396235376534
63383436613838323835623335343231346265346261373261623532383932326635326463343136
35333537343939646363623361303831336334316662363238356636656230386563303265303962
66613635633461383931663162306466373333396532346339303931616533323934643463626466
32653766323830613835303662353765663662363664333436653037316434313935386662383261
34386563386662323363626638313738383061616164303034386634323262316632383065386130
36346137633263353261316335396262366334333835356130616264353561303033643433383762
38343436353130393965356463363935366533333162646662326537353663653235393265393133
35373339643661396538353761353434303466343031333763383635363036383833393331373032
64393762653938663231373134633838643665373064353263646262666262646436623930653766
32383135633466613431323761326463616162363037303461316266376164366138333537353735
37306265386263316336346333376361343239386663386537643166373663333532626137346162
64366162633635633265313165393238613331343139336637373261303263326461353739326239
30633833623532343134666164383637663437313961303438356366626132373232323532366239
63663164363332373338376339366466363437626561636536356232373165333230623164343235
39656130383733326465353434623566643134633361313934666534346164333430663036643138
36303364376233663039623436616666633036326632316436303131626565373530646566353830
34623739636665656164363365386631386139623562663037333333353436303737343730376263
34333533383839353962373839356236353331346466343561653163623266306663626130316666
66353261326131623030613939383137373634666333626639356438366466626433633031633437
6564623433383039396530613031366664303431626432663331
