$ANSIBLE_VAULT;1.1;AES256
32336333646433323539633334323534313237366563373932383732323036393436353362386566
3733646434633331316137326438353536313432306563340a346263656665663862333730346531
63333931623537623364313537396461663837663334613865353737333663353339396237656636
6562326434653233640a633130343633346261663064393266323166646631353965316463343839
62636563633437356331356665346637656566653731323563356366376266376236396534373035
30386463363032333232376339383830653130393438393033613738633463383533356435383335
66623161613430366438316433303331363233346235383165313961333730373630353633383363
35353463393638303233343239616166396134636531343162383965396338666239613433653739
38313033393135346637376435346537323235323836623735376362616362646162643639643030
66653961616366303666353238336131623431653362653866366333373732366330366632306436
32353530663934313161356665303864383563396532306337306335353230643434313033323965
33623564393835643835333061323161376265386266356138333238326162323737333963663337
62663063653130333762313133666531303538383264316136396134383462616663396634633163
32333665626438363239666231316663613264646431316265636564323265643661363938363064
31343537353435393137656235343333363564663935396461383731323233613265616461653139
64353631643137633436366163626632336361363462663632383832303162303661393566383735
37303962396139636231363730633934613862663936333963393639643361623863343838336336
66623937316536376435333364386534396465326635666632353162313965393638663532313537
32393836356339313831613264383266376238396566323137323561363539336364383537633731
30313863633865313463656637663261666163633234616539363439353937613438633563313561
35363231396530323664613135323639323039353265656536636238363430303130363961346461
62396539316461363739366261316232363837643131336231376235636137623564623733313939
33303261323666343230656439356335306634373939313034353066636537646431616439623937
36316639613933376464363138663066396639396637313161363337313261366234323565303262
30303263306663306233363138303236373536353332323037643038653965373938623062363265
35336333613433353364346265393863363531393762386239343361346461316130663937346264
31636365633061643864333538373537636538363333633031336436343537383435633837663361
37663062333631646565613366306134616362666464393630306232326538613738393565636632
66383066653036326263653761386334326166326566653532343663316234646665633939376439
31626132383965636265333464323535393636303539333232366563323535626236663838383139
35333635633235613636383837666337356430613935346166396132373766623564313435643837
31313163326635386337313738623763373737343564376332323761303939303362643266393130
33343632336236343831613265393832393134653032383464303434666464333665326635333361
65643963363233636135336462646139326637666237313164663431313134356530303863373733
35333632343331343530366436323431643466363936346635313638653238626263333433326631
62663439633933633465613538333433303635663832333064333034373337393964326633363563
32633933633736646163636532356564623136616662613632666165336563643031383439376231
65616265316563663064343135616531326633356163303163623464333265643139323838393061
35646530333837366433643732353838613163306162623465616232386162623466393933316237
66393836303164616637333064346635316338303532623633363866616136346465383635663230
61313362653037373865633963663030366533663662333130633262396630656335383738386235
32633761306439633834346638323239643438353431636533643562343637646432333130366437
62646665396565306636306337383761656233393037356165373332666331313362326137373139
63623065613063316162623538613834633731626538613564613730363865396437313136633034
33386632306431363531323733386636366433396361343532303831333732396532633537303232
32363830663431363565353731343332326237376563376662383137336233363063376239623062
32623062623832656535653038663538613864383938366663353733613935646638393864393061
30333833386165326163316666383932313537316462633732336365373731613930393934666231
37616434333362613239633838323061616338313139323961363466623237303836646361333863
64616465643732613965623837363263393232333165333033366230346531383964353562313235
64303732396332616630326561356639343736313730313239356433343031626563663939646563
37373865613965343438306361313131663866613266383366663135633535646264623339663837
62626637623731616435343636363863616438336439666565353064636230376536303362323734
33383565303962336136636364626131663633616631396665363965666238643532383936646464
62613731326637353034353961343935303438393137653436353463636665376665323165663330
65373333363934353935366634393364343366393631626533656266393337613536613065353032
61643764303661636365633961363561313239353133303939316330373438636561396330643263
38666531653362333865626135613937336130323731306131663438383163643364353063353764
37333737363033363531366134616363623833366238646432643164346235303664333635636334
38313863626433383263303036306464393638633561393633323661353638636162613738633266
36336236303366636333646133396139336436343730656539633661653339643964633564343964
33623832623665616333373764343032386534366431393763663436353737613133623862663736
39386332623864376361336261636233353665336434656465656332363439376238313330626633
39356636366538333063663335333264353634343634326636326430366539323661623138383666
64346563653162326232313964346231346638663334326237393936376634323438663338636632
35333137313964336137663231306430363162333866353431346138343538366534326231383864
38663865346364323539653934373231623364323833343361343636343331633461656566653939
37316536663931346561643532353031313464323334333134333539646630383666303865323032
39616434373431343630336430393436376135666634613063356366643866303531636639633032
33626236303261373763353439613537353335383932326536613938646165326462303931383761
32376661306662623035666232393666323063343138306665333137356133323538356130353238
30363631316666323830313132383766353539616165616663353339353866666235643730373662
61623335393738366263316632383363303364653165613331323865356662636432303531613863
34336439646139623738626530646566396632613333653965333663616435376362623466343236
63326161313439613337333230613061613031343631383435626531366161326363346262643731
63376632356531643430336232663264383665616138366561333135383638643132323566393863
35393839356330383661373465383538323061626137316162383335326636376331303231363637
30386531353364363066383032316662633733653635653865613363616234343237616163633138
66643637643837356162633838323234333637313066663035366230653337303665653234616338
36366138346362313162333766623837393039643631396437666133653237356162636635386261
30623936646233643364346565346436386363613362386537323737393031633030326165613339
61323039313231336566626265393964373830326136383837396339323938356132343636623936
35333133353536353036666166643839616134333263653731653831636430396266653462303361
37383062353139303333356139303032643832356265316532656536333466656633626532336636
34633932396636636562643030633732373737306236323036333332653732363736333631366361
63633935373038633035336166333565333462633761396533376462313835363366663933313565
61383163653061396136396533316164626537383835373539363531666234666639656562633936
30633934663730663764633735313130666663666431633666633864313563383937643033353838
63323163663632366264613536643663323034376539356664313462366662383663633139356537
37643064623839396463613534643761323163656466613166336365333563336432393863636535
64373237383462306564383735636536303939643139373066653864393138313833356366613436
65353164376131656631633834626130653466333961393438313139373435333637386166356435
38623333366166396337663032396232383034353637356335393366613132373733636430666363
32303565316431383164393864636537636362663364386563373864623130303264663338333665
34666539353037363538386334313637386562353532646435646561366461613261653939306362
36653262333566643339303466333563373039313037316461386238383561666536653638346135
39356632366366313835643438356661623139333736323663383236336161343439393739396339
39646433396464373261336133323065636662386361616131366130356665633934363965333230
34643335323264646537333331383262306335623936346234666463366261313862353136663566
37633139653530613964663464323135623233363834323139326562393831613935653739383261
37323266633636386131373264643934643635306234323062303135616564663165353630366661
36303235316135653838616138393765626334656630323533306566393039343136613936666136
66623066656563666562633930633232373633666135333734336531323031623130396430343563
32663830336531396236646332626330623734633130636534646337373830656236326662363536
34626438626430656139316166666661363336646535383538393132343531663264356464653263
66633438396166383330353834306536373431613964336439643735623262336535313533363337
64646131346465383236643437636533653563333666376637303934393763346163383736393935
38343961623939386366666335323036376237326634613033633163383335636536623731306539
62633634666134386335363065656162653461303639396164333762666263353034326131653235
63663338666135376537663933396264363764613262346332653165333965373236653933376334
35376330303663396664366534303330666135303634303035656536396561666235396261643365
62643634303834383761613834353339353433346638633932663263356661343236666464656663
37616261333035323761356539623531393338383735633266366436663361373230333436303561
34666337393664343435663730383633653564663038633837383965613466643530363430623732
33323338373465643765643264343739313436313730393931326639373635663130623630303036
35613031363336333434376230323163383331386636336638393631366438343838393639633163
39333335616264336362663535663632313430616438393565613330326538636432376661383165
65326438633730316431333032353738386231633964616665313835636338353537393563663864
63653836386138656333646464313862323665343832346534373231663838333637653437323838
32663431336266613231393263613964383630346639363431653939356237623730303439376263
31343966646536363139616536376235356636346564656632656464613137393664656539306230
62326535633865353532313163346236323235323337333163326630303337663432396263623365
35633533396333363933636136626434313765643331303837306265386233663535323137633565
38656164343465316333663732363563616663313534386135356162373765643932313630663730
65623731653231643333353562653231653461613663333331306334326131373330356566616162
62626535363563353230313337346236663930353762373966613838303335313561653563313565
30343661653761313836383264666362613336623362623534653061386531363962623332653530
64656264653533616666663936393336373231383230663131363063363635326264386233636630
62656163356166613366323731656433643461653034313931393862633366356532326538383437
62396433303732363161323438616632353164626430626363656436636264333636363539383132
66316566386631306464653165643066313837616436663365316164323834646662323534636531
65363234663633383938623836303934656661346662323339663635356535336431646539383137
33663463656239343931656562653335386132356138383462343138373632633539386361623637
34663534313238373035346133313962663262323733323634353133623364656261386337663739
30646335303966336265376539303865386136616638663965623864613663383761333936616637
30356434666238363038393666313033656333353935626535633861633264323932373861356639
36303731376532323739666334366135326236636161303731363231643131323263326130633931
30623130396563353738366235663566386363613639653663656366346661346161633164333566
34653135333364616239636564343862386166666362643861663165346237363737626661623963
66343433653430383333336437323038313932613433326538346531656133643333363166383166
30353631303931376661353832336364646232323635343137656133376263313236643863323265
38613736343236396337373964353634663138326564333538336361633535613831393532363566
61363330383734343032376334626131313764303439636339663933373666336238383064373761
62366233343462663739653264366233373363303565363735376137643662383036313563373735
31303238326530653633383161346632383139353435383934356138353434626334633337376135
63386331623166313037393764613436663861656166353432363163343962643863326432393435
62313264306137333366326332343533656333653064633933656230333864393961393537643535
34633264393530666534313630306632386230623335646432396461386161323433663334353835
36396565313433393962663762616463653435396335663634653232666132323766666635663536
35386163346636303336666434396536326164303635383235383262636136336234346433383333
36356231653265303638663864363234303664333761386536613963336532323761376464623163
64613331626435653931643338356561646137663565376265343363613766663636383261343531
33353763366234303662636363343231313638393836393335353139323863656331356534616236
31353763303234623531616563343737623137316164316261333736323666356235373065363661
35623132323866346666363134363637656530323332633562383064336566373437666534613739
33366338313465643737623663393139346132663936363865616364633035356562353039613038
34666535636661643534393230326536326639636236643066646261623335333061643734333834
33343265383530623064353936643534323839346635633063393732386332353265613739646233
62623831646538346336316433636434343638343937376133623366323365353936383836396338
36323238646436666233306263356437393239663738353837363561373062643135643639613466
32393264353432323832383630393832303864393339656133613465343166316161313537346239
34373536373565316636623134366139616435396132383439613336396239393034653964313264
61313566303638343535333963616132353861316537373533303762313661343463326165323536
66323661626630316534366635343238656266636534613338613739356639363363383732313333
38636164636539316161366565633536313037323463386330313939356435613933343166616435
64643239303861356639336362393363656434636561313338633230313732376437663936366661
31303863313139333437646133353035373638346164666639643133333531333261613737643165
66376661333862323730653438333863336638636131636564376463626638343939386664313633
65663330646336373939613237363464653437386363363563386637396432343364333137393066
33326362376231393761663132386165316166323438343935353864643237386666656334336536
61366661353432353466383339663933303932663761393566313036323165653930646435633732
39363933306436376539373863626538323738386237366233383532303532653438646366363961
61626331363433386138626236326234366634646262613963356365333139316165626266393637
33373638323337306561353639303362346666303665663935666238366163633937656135363534
61623233633263333539663731303862373361633032336564666136393538393263343366346465
64613438306166393761
