$ANSIBLE_VAULT;1.2;AES256;p
34323930346366616238313836393933353263663037663664666135343839303431386239623131
6638653730613863313336373165386561636632653866310a626162623332396637623866333861
33303566336635306437336134393666303333343935333363333338623037363039613538396339
6238313839626164310a623630626439363064363433633237616533393239653165393831663038
64623933626236306638663538363131396230346334646435356433396632356538353037613035
62623238653432643830373138303131373364613865373866663337633463353561343036633062
35636331333765623536343830326137626138653266393934613064346531393032666637343666
65386534623764333639373436313361623561393465303265613834373639336630396135346362
65393537636238333836633661616433393237386638613564333064363232653133323138646636
38386132326233386132343331333735613366346331393037396363343564366533663931313466
38653033373461316662353262383565346166366662666563323161343135333430666230343533
30383537373462393266643233663237393833333631313464316637666537643461383734393364
36633261666261653263653934633436646363643334613431393831656535613562663736363933
36363039613264383733663738396339343932643961346535326165393936343534376132353634
66346632616333626538363439333436373666366165383032366565316231376333333039623335
64326434336231323261643631613333386264333861346566366435643461663033346361636632
39663961386264316637383533663939316265396531376634366135653961336539363334313664
63636139393661623935656139326438346663626565653434386536303039313335656363376330
35663235626130366339313764383763633562646561316136626239376338363363663235626163
63333864663837363638383062633764393733623436323935666561623133316562313139396662
34643761346665313662316364633932373334623561353730633466613132313632633130623232
64623034306534393237663338656538636565393836633063616436343462323132356364316130
66376137386439626539366236366661363562616263313737333963666664396665383066633061
34633639643636666538616535343263653730393361313233653937623039336664616634666539
32643838306663623139646566346534336436316662333363366265653737333030306432303365
6363323338663937376333316663336264623138306634373333
