$ANSIBLE_VAULT;1.2;AES256;p
37383666313234653734613230626431376639653161306337353438313366373738323930353631
3065323335323762633663633864336335666535663734350a303966336561653536313232326138
34356630653766626336663336386263623330353864346530376439376432356433383462336434
3261636333313665390a346435386365656437323332613439343537613432633538313663636461
64306135613664626661626561303231386636366134633666653239323563633664313534363931
39366461313764336132336662386437616438613936303538333061626163393439656562616132
31633565643264326531343730376336666331343964643966306532666563303031326332656534
63383932313964656666323138363432383331646434333765393836616232346534616137636136
63653363636361306235326630343938306432353331373932386532306262666437643538363461
30636530356138313737313834323237303766663830386436326165626164343139356661366465
32393861366135633966646137656331333763643661326430396531383664353466343464333537
37663132396566303435373132343435343235353331333333343062386233316430656461616430
32393333613766346335613839363861643339323439653261363161343233313232636666343861
30356335383039323835363838633566366164333833303566643438316464373333386137303561
61663863363362643937643836666338366639653266373238393839393231653966363534666466
37323662636466333263636339346337646663313665343633613466633735633230663639643466
64363836366637643462363336306235306163636537336535306534616261353631353565393739
35346632346638353931343666376436623561383331353132356265323365313565353331396331
63333431393363653331303038373731633266353433653864303839613330653865643734383034
66346334623136363638393166383236366234393035373731303338626435643438626535343732
37393631356235383332373233663532623165363930376431386562613062303139323962303762
36363936393339396665623735303366353162356534393537376663333831383634306430323737
65316639336664306333653633656330356365323261623665333063343135613237643662626665
35623035323637386636663637396366393235616262303335346264303161323362343235653463
32316237383866313039663239376566666162376530303835393864316336366132663961353839
3339666461343231316134306535383366396230656239623261
