$ANSIBLE_VAULT;1.2;AES256;p
39626338626338376236396533663663363732633264376265663832356564376232616661623230
3962376536353532303961623934363138346231393438330a333965366462346632383235393435
36393630396438306436346536346261653032616264663335616565343331306663303932373639
6434633765376137310a363239363064636533656534373865626262656432373464343763636332
66653739356633323762363464656137313337636337613762386166316230636134303939313536
32633665613330336461346330633432376434316465346564393761653938303737613862346364
63616437663465343931623164303564373632326265643334393365363133393931313461626566
30663066666239316461366565613636666164333035626431336565303662613437626533643865
38616365393763356530333732643138376562646230656165666236316330613764303430636461
66656237316437356163326564366462643838316265306635353531626132633463306561643365
61383632613534373733333533376236626462366430643062336431303438363764366136386139
61353634323464333964383261343538373631363039336537303137623765363036393961396365
38633463396531646261383865343362356561393431623034353864626435303039626463393031
31653762376636636639653830623266666164343133663535303037313865306235646533646661
34313933333361356131376165636639633764336366363530376566613562313334393265363337
37643733663764386262353161323364393035393931333930326539356635613065653563653439
33356639323635353930303564356635313731316465353965386238353935363135393934383466
63613338373863316533323036623363393131336133303635346239636266636233653363646337
32386466663264383539383964343264666431663731643239323837333035313436346464313436
34613031303466623333666565623966653634393937613632636237656535303536303732356135
34653038333033333037663530663566353438303665386539646438353638636530616366643061
39663334343465386236383839306630386236323638633463346637613031343637346164653361
35333562306563313138633136303565313262343361626432393133653739643030356262323735
37396464333639366663353734383336623861313564386332343934626164343638356261653362
35366262306538333332616336343031653334643162333262376630666164636237623264393031
30626437663431356233393039393938393839383362336339383566636234646666323934376334
33363865393831373834303731303637613135323364373138646135633536303663623834333730
31343337386339336433373233663533326236653730663430663739613336336435343337306137
31623835356339633036663264363263646462353665616536613463393566646662383466396434
61323865613466653437386136616136313833666166663835393763663936613535363165613435
36336132356336333132666439363439663863643362643664383864336464353135373663653831
34353932376334353262306263356439393038313764346535643261303131633964633937663435
38353630623061633539346631343363666537623532613765393765643762373937616132636234
31653066393439303161623162383663656638663335613036343262616238373133323435623737
32383365336430306339646633343762356238653066383966626639633363316533346562643062
64636234313063643236353135353366316632376438666435306534313238653365623466353864
33353763643732353939653339363937326535663036643436373437333161386365373036386462
31643863616531356235383934333031396163626638353665396337666339346365616538613036
33633765636332366234643764383661313230353166363835666561373465663336383533366339
31623132643437383462373465336563666534336139653466316166373239333835363665346533
66646234306234393636386463666336653736336235326139356162306662626237386431316362
37666537363063663365643231353539386666313332663634386334333835666163636539396238
38663565383438356235313837386136623839386262306435616366336436346536633535316237
32636165376539663836316237336538333966326363343562653139363461326335383264626138
32376562646631386662316239643466646239633263626666313965336661323636333634303862
61346634313835323431376131346236663762393637656165373966333738396138386638663837
38353233373334306266336336653565653763663365363932343865323931316237326564316333
61386261383063353432346431373636333263663339343362643037613732356332343530623334
64616636316662626565643934316532383565316231363265356336316263633365386134303838
63633033356631303465316561343763333665643834303433623739613538306561666261613236
38623366663739306337643031373931373131643965666132353066333565386237396561313030
37613462356632303437656665393336646634333966353661323534613662626639333836346366
38633637313765386233393562303666346530346136316530623032376634333135343631306236
39353834616236666132306663663535393566353163353330323466636461393463346434346535
35343364363162336262623661633861646532393830376330333335383438613763396133356661
39366233386138373731396333366530336538646363343330663263643262346637333731303332
65376330353065366232386236646261333635353530626431383437303230323435373865393137
32393762333862323265303736343035373039336437363961656438353034376364303663663338
30393031396364663432393730303766303837373832383566656334333335646232363862373062
35333062326534363832666634356233636637353835373233393330616539346334656131663462
32376661383061626264383231653636353033356439613230303632313430343938653764343132
36336261356161643531383739616238646164376363653936313338303436613437646630656638
36663336353438313064366435316435646138306230313161336532333661643364353731353339
30316536616437386537313533626633633931633431323533643632336165333665636162393430
38396235386438393630356533383638363435383663343934306562393961363532373835383262
35323831643665376635326138363237323039303630326364656663313266376162623563366663
61376261313638393564343261386164393265646161353137643034626130616362623466383837
64333439666135323133653633386533623466393561323965633332633133323633333261373265
37313838393966313339663466616632663239326232333865376138366161633535396230633261
65653537393663356665376131363735386231333266376631386534636430376135636266313032
34343235663864633865373337363439343937653134613131333932373266663530303865623761
34356434346236303964663638653963386537333764313930373330663438353963303563636231
38383436616438396261306134346462366335306334653266633464313263316530383662393062
36623061663230616462366564373363643634633938653864346135643831633335306232636538
32626362643832623232353063366530633034366264636161336464376236353333653364653431
62303861386439306562643664323361376265303064386636373835383230333866373530393639
34663365353166656436643233363338393537663438633662333939656661626465643933336639
33303065633235323930643938306532626635386533396436326336633932363265316432356334
61653233653939653733363631353261326163616638316566333766376261313064613832393439
30643064336161656232643333636435653665656439393935626339363932326261346131626134
66383532636464653631623363306463613537383565643931363962383237633861636632646138
31303034666562393334343634663634626162373866366133313638343666343832663663663534
61343337326465323039366630303762363635363334333837373466323031333165613765653432
63386466383130393436376364323363313835373237376261303265323766373439333765356439
35663330653264613563373035356562393832393761643736376461313065303265363864616364
39306531306339626235653231353139613166353438613132333333613164386663656363656437
34343833653936313830623862616434643064353863626430626234633663663862383565643136
66623337343231653935633530343033323934646537656333356333343837316532336131343930
33363066666463336635623264656563643431363034613232623735386530646366333665373138
38326237383364393134346233336339633634613835613864653232643639393566363230356234
33626566653664366662633038343465383637616364653065653439396239663134316462313762
66306364346438633963386134356365303661393262376265663462613334303863353662636565
63313631626130343462303030343261633837323039343463643166393234633434373735316330
65373230373531303261643133393365393762633265376262363435633937363064326262636265
30376465663461396264326436333933616536613765393830613466353362303135613532646165
64313237333138613166633237666530393930313332373161356337643365303465383136636333
65343965646135623735366163646262663731353363343765336563323562393463333630666262
33626239616334353938393065316230616636306366333537303661643030343430396662323436
62373138613138366266613230323130353766346665303734376437386439303837643932333634
34623831333338653434376335616366323635383334643232316636636166326637363839376463
36326537653261343539626332656362663131373531303738633363643837623739393962653964
38313961346336373131373431383838323030623934316539363330616332336664336636313738
33393762313936623838333330383463646534303366616338366139653236626462383366653661
30356561316230656635353863386162613037396366633234326338386230366539373038313430
65396533353962376538666466373232383064383739386430386139373566313966396435333366
38666430313761633835383832386639383663633434363037393135353831613537326437316233
31323238373864633632346630663766336361616564366432396364616134306531326634616633
62663162303439356436613761356639646532653734353037636333613332343330363361366665
33343830373936613139663661393432303439633535396136393038326237316530633735613963
34313064396232613430656437313635356264646366323636303230626638663362326364366433
32326438623837376164393930613161396534326466333634623363323264623337336538313161
37326331386265393633666539613065343962353036333662393862316663386365623833373638
38616263383264383239653033393030646365366531613530313263643661323763386536623361
35336665383336343662666131396634336135623163666537653666376534376633643962393131
64643961326666643832336264666532356130343136323865366532383761306434636266616634
35366261353966383739653930333932636330316335356135613865306635663434303464386563
32363335323163336263363837633035303032646532336333623630633361636333343337333963
64383662626233633039393066383033376631383337323463643364643839316162303765643161
33643865333865373138383634653563393064623836353938336461653262383363366231643466
62626663336565306162616430623435373564363336326232386439303834656332336163366332
39656436333836323536623538343534326435393231646136616338383330396463616561633865
33653530313935623062343432616364353063343365636166363332306132393237343230363839
38333936356237613839376331306434353133363631313334383364656636323930346333333530
33353661653933643637326464623332346538313336366438626539303162663662343765646536
31623935313732386566303634653939353862666666386339393435663866313334336634353331
38316330623961306266343730646632623935333032613265363965616234633263616663393630
37323538366436616361343663623865393462396362643639363635333661326636396634666539
30333464666132616632323035356233313366303564623536346233336332653365363536616633
35353461633937313832393261323335306364313565326163663536613637303835373563643133
36303433393732396263343666613836616465613965613137663565303264393836383064363537
31613335336630356231623633316338626136366532623031383731343866363665373339386331
61363934306164616662356535353564383333653234633533313236343036333031333832653864
66333865353761356136616662613661656639303762616334353133366438343366356238326534
36383734653437313439646430336537396636366365633032636465633432363339646364303434
64663439316338643062353337306166343731633662333135626234663739303437623431323063
66323964623432333562306435316333623761356161633832646630333961373232356334333133
37393733386633623636616162633463313638663561623537643436616430633335363336623734
31663930376634306437373730633236363937393537353830333831336332356134333332353866
66376330306365333332356538386133313161386438633263333438613965656462366337626365
37326436373436636236353533333764663434333666623832613432626630643737323731333363
33343161656133386133366637366163393436613331373435356565393236313132383036313036
35343362633335343235396539643766653336366462353637646263333465336637663730343635
63633736653163336633663434326462656564343230376666383834313362353736396434366366
34663735366330383838646266353164383763326336323034616566353036366333663632356564
35643230373136653764376366396330376339386539333531633966633637386337643736346233
37633162633162636430393364616566613766376235343637373432653234313461316234663964
66373036643566306435373235623664666162663061373734623862663733363234356163383935
32393664636139643538636639343035353763666439393765363231613038396136396236623839
64316665303637636230396531336635393731313964313439353433303634333831343737303337
66313837326635613866306436656638663962643735373337306466343439303637653931393862
64356664633463666432373238616233313163626562626661646338616532373334343239373838
64653465663738346339613934373334383836623730633237373861363263613830353732633636
33343632363537666235303439306436316163333063663161336166643366663036636531326430
35353036306463373837386536316431656331343638393236383036613032323934626234383034
39386462343865323533646536616432346565623933333337396261643363383833393461383161
64623738613764353230323961626463313430646635303665376264666561343365393765616166
62373165623265663539666235616363313261343437636266313432383662366234666330336638
39313637653964313538316130313538663332343838646466663962613031633631396264356335
38393366663262363564396335663835616466343765316565343866636336356131343733636135
31633264316266616366613031303031653664343363346232636563623962643330356332316166
61386331386665633538623264636462626131633132623763323936633964343465323935666235
36333266376161386131366236623839396663356432356432303432356162343764363631663866
33313966386537353738306232333664656435333430373734643362643033323433376266663464
34316632636366616362646438343965396161396437373766633730363531393665383036393963
36383635353035636238623739326636616462663165306536643434633564303231653230653364
61356133646461366638336363663462326563383934303535383138646461653064396638353438
61383535656335663332346633643332323734626365336136656364383364343661653731303665
32633938666638386530363237643464313862616630396230313735383830366231626334356530
31306135613438363961313339383632613366353431316233373538303963343237323030336238
6432626139396366346363373764633233636466616164653531
