$ANSIBLE_VAULT;1.2;AES256;p
63393330313031363066383335646164326338383065386264383134316165386339633966396238
6530396532666434353465346162313639633433316135610a383135626533326135303163323533
62633133336635373338656463343664343635393039323435623532343765353936623133656163
6132616137353362660a666530306563653735616137636137646538346265383631613061393536
31396530313462653763316131386663343562366663373465306263633761376134646535633938
38323662336530636134613966383066386232636463373561303336613835363634333964666438
65376335336363326231616135666439613863656266313131623639353332343463396430636666
31643035636632616431623836396666643833653066623463643537303164376335653461353639
33386666616264663432373862656231636337396339386436613434356334313036353632636366
38393762346334626663313161643765623064343062396630303564356333383961636235613430
62373539653735323464303330643737666432663663356532393863643166626461316365633463
38343737326434323038383533326430356664396266626536386361353764346434323236363332
65356232333763303530353763363363353330316630333032656163313834373362396563633634
33633431373236373734336262336133613064323831303466333664303863336563333234623463
61633739626661616335333061306631663365353364666362646362363837646233626466616432
33613663393761373435316264633630646562306435393839626436623261376565396531613564
63323132326265366339326330326662663861656535386433303365646637323066303637323765
33383861356230396437363935333966346233346131383834353634626462653135613564383637
63653362666237323830653062656239653230666431633332653234336639303135643234613835
61663564613733303336663332316466363838663930303835326533326661633839323130323830
65656532653435313939356664336131353538326365316136323633343865646539653238373934
62306539303031376263636533643439666430666666393936646534643235333434333430386134
31366365633462656133316363303333386133303562383435393361313330363533656532336439
64323230343566653435633532323566396334613437633631363131383237393530313163646539
34626133386233363564353036366536666561353937343961383931653763666233663434313530
3932626235333164373138303436633365343939333366346165
