$ANSIBLE_VAULT;1.2;AES256;w
64653236356434346334353665633763376165353437383838626537386661633236646563353063
3863656530656231363937303535636332316137353363380a643230643537616635303333353731
66363035663061633730353036303136303338353561346235653239393565613762626632666334
3462373265616432630a313733633637313538346561393633376262346639376438316466373130
39633961393838323764656136333639343065383938643765613862373134363932663131363230
31346635633662346135383863333334363532306439333830336437343232346335383439643666
63366631653738313535636165303830633835323930656161383661316262326335666439613635
33643964313465316161373562633239373135633837313166666535663865633261356635386161
36656262623338393033393438643862663265616334326262636230623839333163646337343638
62383561333036346631316633373961343332663030653533323835343831616663393363653161
63323830353566333739333935376436346166383839646166326665643164366163336263613035
34396438333933383762333034383639313539346366383939376436653966306337316336666432
37623565346363356631366534323162363164303064613334623765303539373035333366663766
37376332663365363334303462383365643364333661666631653232613433636638383637636336
61613364316430313866626239643566633164316332353936346338303433303961333638613035
34356566393235643761363061326161616336616136336335393438306265633930323338633232
64343038633533613563303838316233663936323832393631303131383539356433333838666237
33303565323166366163643732343962633931393862313563666539376631366361386163626362
31343263616465306366623434393537346430653731303165323339613537303136616261356164
65353033373035633131396132396132323964393036343166303837306338366439343966653238
31396262353830343537653634333564323464306466626237336132313961393734326565666631
32333834663164376133363037373262643137396466626539373230393663396435346465393264
39643734346266316138373064373166363239303739306536336166666238376231633131613130
39363239383962353966303631303331363266336435333831313465643133613735666363366431
34666335343931353362353564663535306131316339663266363266623439313138323339613235
31386331383431316239303966326631393437326631623638356561306234356165303562396432
64313264393035396262313066356330623166633061343033643663313265613132643338653966
39656639633263346665336437616363663938663830396234663265333230623231303266633263
39626566373030393964363935343232313838646266313734323363386162653030366266343562
38616436633864666437653066356336343132663166663862353261306137326363383761663836
30666233346537636432353364383232356533383435376266386130663837393262383736623931
61393833666431643434663539363636656537356332373464313465653532366138386638313162
66376335313536306531373833623935623964333236613364303734393538626238306632333236
61376535666662643332363034613438346465303336303330393030306637393137653736373932
32383639626262663136663530663830613735616539303963313634343238653537613332303135
39336536633636353239666331356338383337386237653962393066323439646364666538626336
37393235393435633432393532663265316639613362656333356163373538616364323163336666
63373533376133363030313461366266346531323336383339363466623131313665353365383561
31663761386162333263366565373633373365666136303963386461346565666438613734333530
33383566363535346164393038386337633636376232303663356436326461663035616461646237
61663531656234626562303133313736353536343462353533616138386335663934333163643736
33373365633131323739376665313765343861363962373263613830343333383037363465653266
31333134626230343437356366356138343766323134653531393135656431613939636333663732
36353635643636636531646633366365316465353534323532633635633337633461323733616630
31626361306464376439386430393633346435313262623466343461363132613766646663313033
39346639636230393839626161346432306532633164303230653834636136633532663837376165
35396664653931653163383661626135353631336663326164393766636135363332653937633335
63333837306461666330353162616131623330626139383834373365663261306130306433333464
33343136623436343839663936353163313963626439666432333932316132363436623737333463
66383935326435666264306464623135636438616637636334396534666630323234313661313539
62633464616633373636393763313437656137393661396438623531363538326632356562336239
33393665316636646266643333653161633037343663633831366139643961633863396130626339
37363463633366636135393436396130636138653839343134303530613136383439366563396362
33636139316538663430373438303262636637343335346530393763656332313139373065323165
39666164356261653531383035666434396132376664323532303565376134373465666662646661
31303461663432623163303534666166356365626136623233626430363435633235656230646239
34326634656239336266363563643334303063393063316430643039373264376433376333356165
62316435663134663263356632363835656530376539643764366233333966393338393263376239
31396336386162613235633063633563356438646239616334643664646638663137376266613962
36326234646161643665356665333463613365386466356338383537663562326131653836393563
62373532333462646636623464386162636339643130386562356164376564316261326466383635
34633739306433663832383334323934653039336636363339396330636634643035343937376238
32643134646535313866303834643265646239363234343064356132313235313533636662353964
30383135626139363735373666316539666639353566393663306664623838623764626262643236
37643434373061316237356336643335613532613535623230323832376663636166336566353737
64343336643664376561383639666435633230313137333936343765616636346430643132366566
65343938373532353735653366366566373234636533316635653061386239326261353062303439
63343362376535343430656331383638393961626364656435613937343639303937306662666162
31363831373935363766633839363435386665333639356335663636656564633739323463363235
35376566613634643331336434323735643364393462646234393233336139383162616131323037
30616461363530333031636638626436626131396336656234306234326565363664333937376264
38636663613633623836393737613336646633313861393939613564343162656339363464376161
36303237383763613266653030373039303564313764636562353365333034626666363066373861
36646239666364303836363962636566393465383336626264666639663732623534353237303836
31313238663530356163663332383237376336383230373632643732353530303432363433633337
37653438373465393736336531653239343434353766373939393366313436616538653532386337
63323936333736656234346563396664643231303135636563666236353762363236626230623662
61323338643861336437383139653331666232333665653338383061336331623238356438313337
32656336356632333663626162653533336536653832336639623665373664313565646165356466
31313163616261333862393033326335333961353131623832323566346161323861653231356130
32383830663239326130653730333532366339356231396463353361396431343230646133336465
32636262653238396466613030643636336434333465656238366362393766306461666338313832
33633366393236383631353438306237383535363635613964373265333030656635346161643337
64373530393165393730323436626463383134326338326632643839303464633765383763636638
34663632666238343064323862323534656236336638656631383631356335393661343835336661
34323735333539393363613533636438643434373137303737323435363938376365323738623831
34373035343832303933343030393830386561326662656661336539616665393461316366326138
32646234653337346634323238316562653231386666336565616361303739633730373333303532
31313633636439616239393761623262626532666232616339363965306239666237353535636664
66653032336562313537653337386531373132393230383061336361396532373135373731306430
31303831306139366162623263336135653361346535653235326434633032376537373336636262
32653031303935616366616534626261653236316339666635623239313062376662326233633735
35653430613963313065653836633433343562306531333265636538343932316530636164383432
35613666656335313933356161333538626336373439303137336235643461333039326663306561
34613338303632326435376631343666356635396332616262643031353161316166656661656335
63663132333035623164326437383661663436393565373362303835386533336139623862316366
32323639343437666138373334643232373537653530386562643138643366373439336532393466
3661653863623233333137323235343366313233633435646439
